1 1
2 1
3 21
4 21
5 21
6 25
7 25
8 14
9 14
10 14
11 9
12 14
13 14
14 26
15 4
16 17
17 34
18 1
19 1
20 14
21 9
22 9
23 9
24 11
25 11
26 11
27 11
28 11
29 11
30 11
31 11
32 11
33 11
34 11
35 11
36 11
37 11
38 11
39 11
40 11
41 11
42 5
43 34
44 14
45 14
46 17
47 17
48 10
49 10
50 36
51 37
52 5
53 7
54 4
55 22
56 22
57 21
58 21
59 21
60 21
61 7
62 7
63 36
64 21
65 25
66 4
67 8
68 15
69 15
70 15
71 37
72 37
73 9
74 1
75 1
76 10
77 10
78 3
79 3
80 3
81 29
82 15
83 36
84 36
85 37
86 1
87 36
88 34
89 20
90 20
91 8
92 15
93 9
94 4
95 5
96 4
97 20
98 16
99 16
100 16
101 16
102 16
103 38
104 7
105 7
106 34
107 38
108 36
109 8
110 27
111 8
112 8
113 8
114 10
115 10
116 13
117 13
118 6
119 26
120 10
121 1
122 36
123 0
124 13
125 16
126 16
127 22
128 6
129 5
130 4
131 0
132 28
133 28
134 4
135 2
136 13
137 13
138 21
139 21
140 17
141 17
142 14
143 36
144 8
145 40
146 35
147 15
148 23
149 0
150 0
151 7
152 10
153 37
154 27
155 35
156 35
157 0
158 0
159 19
160 19
161 36
162 14
163 37
164 24
165 17
166 13
167 36
168 4
169 4
170 13
171 13
172 10
173 4
174 38
175 32
176 32
177 4
178 1
179 0
180 0
181 0
182 7
183 7
184 4
185 15
186 16
187 40
188 15
189 15
190 15
191 15
192 0
193 21
194 21
195 21
196 21
197 5
198 4
199 4
200 4
201 4
202 4
203 4
204 4
205 5
206 5
207 4
208 4
209 22
210 19
211 19
212 22
213 34
214 14
215 0
216 1
217 17
218 37
219 1
220 1
221 1
222 1
223 1
224 1
225 1
226 1
227 1
228 1
229 1
230 10
231 23
232 0
233 4
234 19
235 19
236 19
237 19
238 19
239 19
240 19
241 19
242 19
243 19
244 19
245 19
246 10
247 14
248 14
249 1
250 14
251 7
252 13
253 20
254 31
255 40
256 6
257 4
258 0
259 8
260 9
261 9
262 10
263 0
264 10
265 14
266 14
267 14
268 14
269 39
270 17
271 4
272 28
273 17
274 17
275 17
276 4
277 4
278 0
279 0
280 23
281 4
282 21
283 36
284 36
285 0
286 22
287 21
288 15
289 37
290 0
291 4
292 4
293 4
294 14
295 4
296 7
297 7
298 1
299 15
300 15
301 38
302 26
303 20
304 20
305 20
306 21
307 9
308 1
309 1
310 1
311 1
312 1
313 1
314 1
315 1
316 1
317 1
318 1
319 10
320 19
321 7
322 7
323 17
324 16
325 14
326 9
327 9
328 9
329 8
330 8
331 13
332 39
333 14
334 10
335 17
336 17
337 13
338 13
339 13
340 13
341 2
342 1
343 0
344 0
345 0
346 0
347 0
348 0
349 0
350 0
351 0
352 0
353 0
354 16
355 16
356 27
357 8
358 8
359 14
360 14
361 14
362 10
363 14
364 35
365 37
366 14
367 36
368 10
369 7
370 20
371 10
372 16
373 36
374 36
375 14
376 8
377 7
378 7
379 7
380 7
381 7
382 7
383 7
384 7
385 7
386 7
387 7
388 7
389 7
390 7
391 7
392 7
393 7
394 7
395 7
396 7
397 7
398 7
399 7
400 4
401 9
402 4
403 0
404 4
405 16
406 38
407 14
408 14
409 21
410 26
411 27
412 28
413 21
414 4
415 1
416 1
417 9
418 10
419 15
420 4
421 26
422 14
423 35
424 10
425 34
426 4
427 4
428 12
429 17
430 17
431 14
432 37
433 37
434 37
435 34
436 6
437 13
438 13
439 13
440 13
441 4
442 14
443 10
444 10
445 10
446 3
447 17
448 17
449 17
450 1
451 4
452 14
453 14
454 6
455 27
456 22
457 21
458 4
459 4
460 1
461 34
462 17
463 30
464 30
465 4
466 23
467 14
468 15
469 1
470 22
471 12
472 31
473 6
474 15
475 15
476 8
477 15
478 8
479 8
480 1
481 15
482 22
483 2
484 3
485 4
486 10
487 4
488 14
489 14
490 25
491 6
492 6
493 40
494 4
495 36
496 23
497 14
498 3
499 14
500 14
501 14
502 14
503 14
504 14
505 14
506 14
507 14
508 31
509 15
510 15
511 14
512 0
513 23
514 35
515 8
516 4
517 1
518 1
519 35
520 23
521 21
522 2
523 4
524 4
525 9
526 14
527 4
528 10
529 25
530 14
531 14
532 3
533 21
534 35
535 4
536 9
537 15
538 6
539 9
540 3
541 15
542 23
543 4
544 4
545 4
546 11
547 35
548 10
549 6
550 15
551 15
552 15
553 22
554 2
555 2
556 14
557 4
558 3
559 14
560 27
561 31
562 34
563 4
564 4
565 19
566 14
567 14
568 4
569 4
570 14
571 14
572 21
573 4
574 14
575 4
576 0
577 4
578 27
579 27
580 17
581 16
582 3
583 15
584 2
585 4
586 4
587 21
588 21
589 11
590 23
591 11
592 23
593 17
594 5
595 36
596 15
597 23
598 23
599 2
600 19
601 4
602 36
603 14
604 1
605 22
606 1
607 21
608 34
609 14
610 13
611 6
612 4
613 37
614 6
615 24
616 35
617 6
618 17
619 16
620 6
621 4
622 0
623 21
624 4
625 26
626 21
627 4
628 15
629 7
630 1
631 20
632 19
633 7
634 21
635 21
636 21
637 21
638 19
639 38
640 19
641 16
642 23
643 6
644 37
645 25
646 1
647 22
648 6
649 21
650 14
651 1
652 26
653 8
654 7
655 37
656 4
657 0
658 17
659 14
660 6
661 17
662 14
663 16
664 15
665 4
666 32
667 14
668 15
669 0
670 23
671 21
672 29
673 14
674 23
675 14
676 1
677 17
678 26
679 15
680 29
681 0
682 0
683 0
684 22
685 34
686 21
687 6
688 16
689 4
690 4
691 15
692 21
693 0
694 36
695 4
696 23
697 1
698 1
699 22
700 14
701 14
702 30
703 4
704 9
705 10
706 4
707 4
708 14
709 16
710 16
711 15
712 21
713 0
714 15
715 4
716 15
717 29
718 24
719 21
720 7
721 14
722 11
723 11
724 9
725 13
726 10
727 31
728 4
729 22
730 14
731 23
732 1
733 4
734 9
735 1
736 17
737 27
738 28
739 22
740 14
741 20
742 7
743 23
744 1
745 4
746 6
747 15
748 15
749 23
750 4
751 20
752 5
753 36
754 10
755 14
756 21
757 39
758 10
759 41
760 31
761 17
762 7
763 21
764 34
765 1
766 14
767 2
768 18
769 16
770 27
771 16
772 38
773 7
774 38
775 21
776 1
777 5
778 9
779 15
780 15
781 15
782 0
783 6
784 23
785 28
786 11
787 23
788 34
789 24
790 4
791 4
792 4
793 24
794 23
795 17
796 10
797 17
798 1
799 1
800 15
801 15
802 4
803 4
804 21
805 14
806 14
807 20
808 28
809 20
810 22
811 26
812 3
813 32
814 4
815 0
816 21
817 13
818 4
819 15
820 17
821 5
822 24
823 4
824 14
825 0
826 9
827 21
828 14
829 38
830 4
831 14
832 31
833 21
834 14
835 6
836 4
837 4
838 6
839 17
840 0
841 4
842 7
843 16
844 4
845 4
846 21
847 1
848 10
849 3
850 21
851 4
852 0
853 1
854 7
855 17
856 15
857 14
858 0
859 9
860 32
861 13
862 5
863 2
864 21
865 28
866 21
867 22
868 22
869 7
870 7
871 33
872 0
873 1
874 15
875 4
876 31
877 30
878 15
879 11
880 19
881 21
882 9
883 21
884 13
885 21
886 9
887 32
888 9
889 32
890 38
891 9
892 38
893 38
894 14
895 9
896 10
897 38
898 10
899 22
900 21
901 13
902 21
903 4
904 0
905 1
906 1
907 23
908 0
909 5
910 4
911 4
912 15
913 14
914 14
915 13
916 11
917 1
918 5
919 5
920 10
921 23
922 21
923 14
924 9
925 20
926 10
927 19
928 19
929 21
930 17
931 19
932 19
933 36
934 17
935 35
936 16
937 4
938 16
939 4
940 6
941 4
942 41
943 6
944 7
945 23
946 9
947 23
948 7
949 6
950 22
951 36
952 14
953 15
954 11
955 35
956 5
957 14
958 14
959 15
960 4
961 6
962 4
963 9
964 19
965 11
966 4
967 29
968 14
969 15
970 15
971 5
972 32
973 15
974 14
975 5
976 9
977 10
978 19
979 13
980 23
981 12
982 10
983 21
984 10
985 35
986 7
987 22
988 22
989 22
990 8
991 21
992 32
993 4
994 21
995 21
996 6
997 14
998 11
999 14
1000 15
1001 4
1002 21
1003 1
1004 6
1005 22
