196 8
853 8
1212 8
707 8
852 8
854 8
761 8
1213 8
1216 8
1217 8
755 8
54 1
390 1
1856 1
171 1
64 1
53 1
1172 1
2199 1
976 1
977 1
861 1
1297 1
124 1
875 1
126 1
312 1
146 1
1174 1
1994 1
172 1
152 1
254 1
2222 1
2060 1
2153 1
2061 1
2056 1
2124 1
2057 1
2127 1
173 1
250 1
147 1
1299 1
1892 1
270 1
251 1
55 1
174 1
324 1
175 1
176 1
1344 1
1295 1
2143 1
959 1
940 1
178 1
1451 1
148 1
558 1
2386 1
71 1
65 1
1808 1
66 1
57 1
56 1
153 1
154 1
841 1
2223 1
67 1
2043 1
625 1
179 1
180 1
708 1
778 1
1937 1
1020 1
768 1
1279 1
272 1
149 1
2323 1
884 1
58 1
127 1
313 1
559 1
68 1
1590 1
1971 1
1029 1
1426 1
941 1
379 1
273 1
73 1
74 1
779 1
1040 1
274 1
1855 1
380 1
75 1
2307 1
560 1
557 1
1414 1
1128 1
275 1
1298 1
2324 1
59 1
276 1
1845 1
60 1
1340 1
383 1
384 1
969 1
159 1
1090 1
818 1
1355 1
1091 1
914 1
2129 1
1591 1
1612 1
79 1
2087 1
1058 1
255 1
542 1
2058 1
702 1
300 1
1175 1
161 1
385 1
1936 1
842 1
256 1
1542 1
1304 1
1321 1
1495 1
1543 1
2401 1
277 1
688 1
543 1
1471 1
689 1
2005 1
562 1
150 1
278 1
703 1
1917 1
1276 1
1544 1
1847 1
62 1
1874 1
1473 1
1415 1
1541 1
69 1
704 1
1173 1
386 1
1705 1
776 1
1306 1
387 1
1285 1
63 1
1545 1
388 1
1828 1
372 1
70 1
1319 1
1546 1
1305 1
878 0
921 0
2383 0
1907 0
478 0
883 0
490 0
2298 0
2318 0
1562 0
1258 0
1681 0
1946 0
1446 0
1895 0
1377 0
2294 0
908 0
2000 0
1248 0
2059 0
1318 0
1814 0
540 1
1553 1
1177 1
151 1
347 1
346 1
2156 1
24 1
155 1
156 1
157 1
460 1
461 1
4 1
508 1
27 1
381 1
1357 1
433 1
462 1
28 1
160 1
29 1
31 1
637 1
1554 1
395 1
375 1
463 1
376 1
36 1
430 1
37 1
464 1
162 1
2013 6
1866 6
371 6
1884 6
672 6
1147 6
614 6
671 6
1560 6
1867 6
1168 6
1148 6
2006 6
931 6
2371 6
1291 6
2277 6
2027 5
684 5
1944 5
1019 5
749 5
1261 5
1264 5
751 5
2109 5
2292 5
1233 5
409 5
99 5
1282 5
1617 5
686 5
1747 5
2300 5
638 5
753 5
1262 5
2111 5
1951 5
754 5
133 5
577 5
1281 5
492 5
1234 5
2044 5
1999 5
2376 5
2090 5
2181 5
1017 5
1670 5
2104 5
2236 5
1192 5
481 5
1967 5
2239 5
880 5
766 5
962 5
767 5
1503 5
2123 5
1752 5
2025 5
551 5
1756 5
2182 5
731 13
1850 13
2187 13
1628 13
396 13
271 13
1680 13
398 13
399 13
1795 13
2067 13
1629 13
1360 13
1424 13
928 13
1250 13
407 13
956 13
1149 13
1984 13
1982 13
1502 13
789 13
139 13
400 13
1573 13
437 13
1343 13
103 13
1990 13
457 6
2084 6
1561 6
851 6
1430 6
932 6
1278 6
419 6
1986 6
888 6
889 6
290 6
920 6
1708 6
3 6
893 6
747 6
1021 6
1283 6
649 6
2374 6
2150 6
890 6
1875 6
521 6
355 6
550 6
509 6
2331 6
2347 12
960 12
1614 12
2116 12
2161 12
1703 12
958 12
961 12
2216 12
642 15
1139 15
643 15
1697 15
98 15
125 15
412 15
9 15
1729 15
825 15
296 15
182 15
862 15
163 15
107 15
403 15
1753 15
1974 15
1515 15
297 15
298 15
868 15
750 15
812 15
108 15
777 15
1661 15
885 15
2395 15
813 15
164 15
1098 15
644 15
263 15
1975 15
1950 15
946 15
863 15
1382 15
295 15
1976 15
287 15
1730 15
814 15
798 15
1622 15
815 15
215 15
100 15
185 15
72 15
216 15
2071 15
1153 15
816 15
864 15
2214 15
1728 15
832 15
10 15
1280 15
1203 15
752 15
289 15
1150 15
564 15
1511 15
1615 15
536 15
1456 15
1152 15
234 15
76 15
839 15
1731 15
574 15
1664 15
970 15
186 15
948 15
2047 15
1977 15
1350 15
1210 15
1027 15
454 15
537 15
897 15
2305 15
102 15
299 15
866 15
2010 15
693 15
1284 15
291 15
539 15
579 15
929 15
188 15
2283 15
2012 15
1191 15
6 15
1428 15
2015 15
2295 15
61 15
565 15
1988 15
197 15
253 15
2270 15
2271 15
1989 15
1154 15
2366 15
1746 15
1865 15
819 15
1725 15
1307 15
1476 15
94 15
260 15
971 15
650 15
1457 15
820 15
725 15
1894 15
1190 15
651 15
762 15
1732 15
652 15
2215 15
1186 15
1940 15
169 15
310 15
942 15
1142 15
1889 15
1458 15
192 15
2340 15
2049 15
1973 15
1931 15
292 15
1727 15
822 15
1183 15
823 15
1277 16
1633 16
2384 16
288 16
1638 16
1385 16
1665 16
1925 16
1924 16
2289 16
2190 16
1634 16
1398 16
1635 16
1386 16
1757 16
1636 16
1689 16
1387 16
334 16
806 16
624 16
2316 16
1439 16
2188 16
1440 16
2288 16
837 16
838 16
913 16
1601 16
906 16
1598 16
1470 16
1599 16
1831 16
1710 16
1441 16
2151 16
2008 16
1388 16
1389 16
1390 16
1391 16
2009 16
1442 16
2011 16
1392 16
1393 16
1394 16
1639 16
1057 16
1690 16
1399 16
1758 16
1395 16
1926 16
1691 16
1755 16
1692 16
1396 16
307 16
1693 16
1694 16
1640 16
1695 16
1724 16
1384 16
1759 16
1733 16
1760 16
2377 16
2272 16
2357 16
2287 16
2349 16
1964 16
2204 16
1341 16
1252 16
1960 16
1073 16
190 16
191 16
1761 16
1961 16
1806 16
522 16
1453 16
1962 16
1443 16
1686 16
1454 16
1641 16
2361 16
2388 16
1963 16
1642 16
1444 16
1397 16
1666 16
2360 16
2180 16
2002 16
1696 16
2001 16
1723 16
735 16
1594 1
607 1
391 1
1941 1
1448 1
177 1
349 1
1707 1
944 1
541 1
378 1
1313 1
1031 1
348 1
91 1
1367 1
1506 1
158 1
389 1
293 1
617 1
314 1
2032 1
610 1
480 1
2330 1
2232 1
713 1
1632 1
1436 1
690 1
301 1
945 1
123 1
1437 1
891 1
2080 1
2130 1
2131 1
2231 1
1671 1
2208 1
640 1
811 1
1535 1
308 1
87 1
11 1
599 1
2145 1
1074 1
88 1
2050 1
732 1
1784 1
1068 1
981 1
1400 1
1678 1
15 1
800 1
2296 1
987 1
2029 1
16 1
89 1
833 1
2396 1
879 1
17 1
2030 1
726 1
265 1
90 1
722 1
1996 1
2096 1
2211 1
1679 1
1104 1
982 1
892 1
1401 1
503 1
670 1
19 1
1434 1
785 1
1163 1
947 1
1890 1
1864 1
2018 1
626 1
692 1
1624 1
1425 1
1881 1
633 1
936 1
575 1
5 1
984 1
2243 1
1672 1
1952 1
448 1
1992 1
1922 1
1972 1
2147 1
568 1
578 1
619 1
609 1
1221 1
1783 1
980 1
1737 1
1966 1
1477 1
907 1
1373 1
493 1
1475 1
983 1
569 1
20 1
2073 1
2382 1
1923 1
39 1
724 1
1244 1
1983 1
677 1
2132 1
715 1
978 1
92 1
648 1
1044 1
1045 1
1669 1
266 1
580 1
979 1
1832 1
581 1
2177 1
2233 1
1853 1
2158 1
1782 1
985 1
1022 1
721 1
1581 1
573 1
723 1
1518 1
571 1
95 1
1222 1
1821 1
21 1
1663 1
740 1
2252 1
22 1
589 1
827 1
881 1
1648 1
1987 1
1353 1
830 1
496 1
583 1
352 1
986 1
2088 1
1630 1
585 1
586 1
1519 1
1494 1
821 1
2108 1
2121 1
572 1
2404 1
183 9
1427 9
1189 9
1589 9
561 9
673 9
1188 9
354 9
582 9
1351 9
495 9
2203 10
1998 10
631 10
1151 10
193 10
1358 10
1914 10
904 10
1939 10
1781 10
1483 10
2076 10
1851 10
1701 10
440 10
2218 10
2314 10
1179 10
1060 10
2146 10
2154 10
2240 10
844 10
1838 10
2365 10
2066 10
641 10
2139 10
2380 10
1403 10
801 5
760 5
1372 5
168 5
1198 5
131 5
1778 5
13 5
81 5
1337 5
2138 5
132 5
1265 5
208 5
1199 5
2191 5
1205 5
323 5
1103 5
758 5
120 5
1160 5
1329 5
975 5
2335 5
1815 5
1211 5
658 5
685 5
1200 5
1378 5
2141 5
1767 5
774 5
515 5
435 5
267 5
955 5
1406 5
1413 5
510 5
1140 5
1559 5
1789 5
1197 5
843 5
1201 5
544 5
392 5
134 5
394 5
122 5
2327 5
2083 5
1779 5
1030 5
836 5
635 5
434 5
1365 5
1768 5
2255 5
2256 5
1769 5
2367 5
2230 5
1833 5
2242 5
135 5
2004 5
802 5
1487 5
1354 5
138 5
1498 5
799 5
2028 5
2250 5
101 5
438 5
406 5
1324 5
636 5
1652 5
794 5
436 5
1719 5
1161 5
900 5
1835 5
514 5
552 5
2093 5
136 5
1794 5
2280 5
548 5
898 5
128 5
954 5
249 5
803 5
189 5
1834 5
1016 5
1041 5
1079 5
1605 5
547 5
927 5
1251 5
687 5
727 5
1223 5
804 5
1266 5
1097 5
137 5
1202 5
2257 5
439 5
1770 5
1880 3
86 3
501 3
284 3
597 3
373 3
2317 3
871 3
1375 3
453 3
1637 3
1182 3
245 3
714 3
93 3
2055 3
1374 3
1209 5
805 5
1687 5
840 5
1888 5
2064 5
1700 5
770 5
1141 5
1256 5
1685 5
1445 5
1688 5
2228 5
2259 5
198 5
2122 5
2390 5
1549 5
1077 5
1557 5
924 5
1417 5
1857 5
1037 5
963 5
1706 5
1078 5
2134 5
1164 5
1819 5
1534 5
2225 5
1484 5
411 5
1858 5
797 5
1587 5
2105 5
2003 5
413 5
414 5
593 5
199 5
698 5
1064 5
1208 5
1899 5
1898 5
1485 5
627 5
2226 5
1056 5
595 5
596 5
1359 5
771 5
1364 5
1362 5
1684 5
1039 5
512 5
1817 5
1489 5
1166 5
1328 5
949 5
1449 5
742 5
1086 5
1455 5
1165 5
711 5
1816 5
382 5
2173 5
1130 5
1491 5
895 5
2128 5
1075 5
1820 5
1734 5
796 5
1818 5
1038 5
2091 5
549 5
2197 5
645 5
2172 5
1704 5
2106 5
1035 5
2062 5
2063 5
2227 5
2210 5
1954 5
1563 5
1588 5
1965 5
657 5
1369 5
1525 5
1766 5
710 5
416 5
2054 5
769 5
2171 5
2282 5
2297 5
1909 5
1948 5
1076 5
2092 5
1524 5
2183 5
1953 5
965 5
2310 5
410 5
1802 5
1981 5
2114 5
2234 5
2115 5
709 5
1171 5
1363 5
1418 5
1416 5
1361 5
807 5
1412 5
206 5
1167 5
757 5
2229 5
1488 5
1955 5
925 5
1034 5
923 5
1032 5
746 5
1980 5
1322 5
494 5
1452 5
741 5
743 5
201 5
744 5
202 5
203 5
418 5
1658 5
1036 5
1908 5
1993 5
659 5
759 5
417 5
887 5
2039 5
745 5
2224 5
1059 5
899 5
1825 5
1735 5
1801 5
1886 5
1859 5
974 5
1181 5
1749 5
1804 5
1129 5
1662 5
870 5
1826 5
1499 5
1556 5
2311 11
350 11
787 11
1799 11
524 11
2077 11
525 11
1508 11
1862 11
1302 11
1934 11
1805 11
694 11
1576 11
1592 11
1180 11
695 11
1268 11
1978 11
590 11
1269 11
1270 11
611 11
2336 11
1564 11
1080 11
1379 11
592 11
2075 11
1236 11
943 11
775 11
622 11
1481 11
1301 11
1245 11
691 11
697 11
1100 11
1537 11
121 11
2074 11
1300 11
526 11
1536 11
2341 11
1271 11
458 11
459 11
2078 11
591 11
1081 11
612 11
2140 11
497 11
1409 11
1249 11
523 11
1237 11
1102 11
1709 11
1159 11
922 11
1238 11
845 11
661 11
1916 11
1538 11
1824 11
1935 11
1008 11
1082 11
2152 11
968 11
563 11
1131 11
781 11
846 11
1720 11
1547 11
1651 11
662 11
1906 11
1196 11
1239 11
1308 11
696 11
2286 11
1327 11
527 11
1450 11
402 11
529 11
528 11
587 11
588 11
700 11
2372 11
2373 11
2007 11
1246 11
628 11
1462 11
629 11
195 11
1539 11
1272 11
663 11
1070 11
530 11
1509 11
623 11
1540 11
1273 11
654 11
2079 11
2303 11
847 11
1979 11
664 11
1312 11
665 11
1482 11
520 11
701 11
1194 11
531 11
666 11
1071 11
2369 11
1240 11
1241 11
2301 11
532 11
1106 11
699 11
1380 11
566 11
1565 11
401 11
1822 11
1303 11
1095 11
533 11
720 11
667 11
1101 11
1195 11
2293 11
1083 11
1667 11
1235 11
1143 11
1084 11
894 11
1897 11
668 11
729 11
1900 11
2337 11
1793 11
2304 11
353 11
926 11
1582 11
788 11
534 11
1242 11
1096 11
1274 11
1620 11
1548 11
1583 11
1823 11
1094 11
874 11
1943 11
1072 11
456 11
2142 4
849 4
2309 4
1260 4
683 4
502 4
393 4
772 4
129 4
930 4
919 3
1 3
85 3
1551 3
332 3
23 3
444 3
333 3
420 3
356 3
335 3
331 3
504 3
950 3
445 3
421 3
25 3
26 3
616 3
1558 3
422 3
336 3
443 3
487 3
675 3
357 3
730 3
337 3
498 3
358 3
937 3
505 3
423 3
506 3
338 3
748 3
499 3
339 3
340 3
341 3
545 3
2291 3
738 3
359 3
342 3
446 3
424 3
77 3
425 3
78 3
343 3
674 3
618 3
360 3
30 3
426 3
630 3
705 3
676 3
32 3
500 3
344 3
427 3
428 3
361 3
429 3
7 3
1555 3
362 3
33 3
34 3
181 3
35 3
739 3
2 3
620 3
621 3
2276 3
546 3
567 3
431 3
734 3
432 3
345 3
377 3
96 3
303 0
1800 0
483 0
1945 0
2358 0
1432 0
1431 0
1492 0
1765 0
791 0
305 0
302 0
2072 0
1566 0
2328 0
165 0
166 0
1053 0
1435 0
447 0
824 0
1345 0
304 0
311 0
1433 0
632 0
786 0
167 0
817 0
2021 0
1567 0
706 0
1259 0
309 0
1682 0
259 0
2162 0
1584 0
2368 0
1568 0
1668 0
660 0
1885 0
264 0
1621 0
855 0
1346 0
957 0
268 0
1762 0
1069 0
1347 0
1887 0
38 0
2220 0
1349 0
1348 0
2094 0
306 0
441 0
2397 0
1631 0
1046 0
130 0
1493 0
442 0
397 0
554 0
40 0
835 7
782 7
1286 7
915 7
140 7
2192 7
2212 7
452 7
513 7
2399 7
2178 7
2085 7
2112 7
2179 7
145 7
404 7
80 7
1997 7
2213 7
2101 7
834 7
507 7
472 7
246 7
142 7
247 7
1447 7
2102 7
2137 7
451 7
2113 7
1356 7
248 7
1469 7
144 7
1155 7
639 7
2103 7
669 7
2046 7
756 7
82 7
783 7
553 7
2237 7
1170 7
83 7
535 7
2065 7
143 7
84 7
896 7
516 7
1169 8
1320 8
1088 8
214 8
1232 8
594 8
12 8
511 8
1089 8
1958 8
2082 8
14 8
42 8
916 8
905 8
141 8
1570 8
262 8
1157 8
1162 8
44 8
917 8
325 8
363 8
876 8
364 8
18 8
47 8
608 8
933 8
2119 8
449 8
450 8
218 8
217 8
326 8
48 8
252 8
1187 8
655 8
903 8
220 8
221 8
223 8
222 8
910 8
873 8
327 8
1461 8
224 8
365 8
872 8
1342 8
1423 8
219 8
49 8
225 8
366 8
50 8
187 8
328 8
1087 8
329 8
1604 8
909 8
1422 8
1514 8
733 8
1513 8
207 8
2313 8
1650 8
1459 8
1896 8
1796 8
860 8
2036 8
911 8
918 8
934 8
269 8
656 8
330 8
678 2
2041 2
682 2
1230 2
829 2
1092 2
1093 2
2261 2
2262 2
1466 2
2263 2
2264 2
2026 2
1910 2
2265 2
2266 2
2267 2
2176 2
2268 2
2306 2
1911 2
2378 2
1912 2
1913 2
2260 2
2269 2
8 2
1995 2
2284 2
104 2
105 2
106 2
1968 2
2248 2
1124 2
209 2
1520 2
1383 2
1243 2
1780 2
601 2
1840 2
1970 2
279 2
281 2
603 2
1113 2
1673 2
1050 2
602 2
1227 2
2042 2
1048 2
1836 2
1607 2
405 2
1798 2
604 2
110 2
184 2
2247 2
315 2
484 2
1677 2
1827 2
1841 2
367 2
1193 2
1854 2
869 2
1533 2
1105 2
2350 2
605 2
1510 2
1903 2
1791 2
716 2
111 2
2299 2
369 2
2375 2
1574 2
285 2
717 2
368 2
1224 2
848 2
2244 2
2348 2
2370 2
2359 2
1122 2
1061 2
1121 2
1120 2
119 2
1111 2
282 2
1893 2
1586 2
1225 2
1472 2
2339 2
1366 2
2251 2
2148 2
1049 2
2135 2
1985 2
679 2
1516 2
112 2
1107 2
2120 2
1118 2
1119 2
2221 2
113 2
1626 2
556 2
2016 2
2023 2
2017 2
1523 2
1123 2
485 2
1184 2
114 2
1110 2
1532 2
2312 2
455 2
1467 2
1602 2
2022 2
1108 2
1323 2
1047 2
718 2
2302 2
1613 2
115 2
1575 2
647 2
211 2
2315 2
1676 2
1051 2
1643 2
1109 2
1063 2
2089 2
116 2
1226 2
280 2
1521 2
935 2
1883 2
1114 2
555 2
210 2
1062 2
370 2
938 2
1052 2
486 2
1654 2
117 2
1803 2
1497 2
1468 2
681 2
408 2
1517 2
1257 2
613 2
2031 2
118 2
1507 2
212 2
1112 2
1904 2
1176 2
680 2
795 2
1115 2
1116 2
1231 2
1675 2
1882 2
1117 2
286 2
1569 2
719 2
1336 2
2163 2
1969 2
1178 2
1338 2
606 2
1185 2
1797 2
1754 14
97 14
2333 14
1464 14
2200 14
1138 14
257 14
865 14
1915 14
1465 14
2045 14
1736 14
2048 14
809 14
2320 14
2344 14
2342 14
2364 14
2345 14
517 14
518 14
2319 14
2219 14
2217 14
2169 14
1726 14
1552 14
2285 14
1099 14
1809 14
1644 14
1645 14
646 14
1501 14
1870 14
1786 14
1500 14
1376 14
1618 14
1918 14
1608 14
1609 14
1610 14
2125 14
2126 14
1919 14
1920 14
1921 14
1932 14
1763 14
1839 14
1480 14
1927 14
2290 14
1810 14
2037 14
1811 14
1812 14
1813 14
2275 14
2351 14
2338 14
2363 14
2352 14
2353 14
2354 14
2355 14
2356 14
2343 14
1247 14
570 14
1646 14
2321 14
2322 14
2168 14
1463 14
1647 14
1625 6
2052 6
2053 6
615 6
1606 6
1474 6
1619 6
764 6
712 6
1659 6
1660 6
952 6
1325 6
317 6
316 6
2281 6
1404 6
2198 6
1863 6
1656 6
1861 6
1860 6
1942 6
1135 6
1655 6
1842 6
1657 6
1585 6
318 6
466 6
467 6
468 6
465 6
469 6
319 6
470 6
471 6
1405 6
320 6
1702 6
1522 6
973 6
653 6
773 6
1577 6
1578 6
415 6
1407 6
1408 6
1410 6
1218 6
2051 6
1683 6
473 6
953 6
1326 6
951 6
1830 6
1137 6
1228 6
1229 6
964 6
1486 6
474 6
1207 6
1750 6
1411 6
1219 6
1419 6
1420 6
1421 6
1580 6
2274 6
1330 6
1331 6
1332 6
1333 6
1879 6
1136 6
475 6
200 6
1204 6
476 6
1775 6
1579 6
1843 6
1334 6
1220 6
1846 6
2024 6
1033 6
1085 6
2346 6
736 6
737 6
1905 6
966 6
2107 6
1134 6
321 6
1296 6
2185 6
763 6
967 6
765 6
1335 6
322 6
477 6
1505 6
1381 6
1748 6
1526 10
2245 10
1529 10
1616 10
2206 10
2207 10
1512 10
1792 10
1254 10
989 10
1901 10
2391 10
857 10
2246 10
1287 10
1751 10
351 10
2205 10
1125 10
1024 10
939 10
1490 10
1025 10
258 10
2095 10
1600 10
877 10
1595 10
600 10
1144 10
808 10
205 10
1596 10
1929 10
226 10
204 10
1928 10
1649 10
991 10
1145 10
1938 10
1042 10
1764 10
2159 10
992 10
990 10
1530 10
2165 10
230 10
993 10
2332 10
2308 10
227 10
882 10
994 10
995 10
228 10
831 10
996 10
2405 10
997 10
231 10
998 10
1597 10
999 10
1000 10
902 10
784 10
1255 10
261 10
229 10
2394 10
1352 10
1873 10
2385 10
232 10
2387 10
1699 10
2392 10
1460 10
43 10
109 10
790 10
2170 10
1871 10
1713 10
1902 10
45 10
2157 10
46 10
1788 10
1593 10
1739 10
1787 10
1550 10
2403 10
233 10
488 10
1010 10
2081 10
489 10
2133 10
1718 10
1402 10
482 10
2273 10
1878 10
1253 10
988 10
1740 10
2201 10
1717 10
2258 10
1054 10
1316 10
1528 10
1275 10
1317 10
2097 10
235 10
1001 10
236 10
237 10
1504 10
1716 10
1741 10
1314 10
1790 10
1002 10
2098 10
2202 10
1957 10
2398 10
2325 10
2393 10
1003 10
2164 10
479 10
1715 10
1837 10
1004 10
1807 10
1868 10
374 10
1315 10
1742 10
856 10
2238 10
1872 10
2166 10
1777 10
2040 10
1743 10
1005 10
1774 10
1009 10
1711 10
1043 10
1011 10
1012 10
1368 10
1013 10
1006 10
1014 10
1126 10
1015 10
886 10
1527 10
810 10
1309 10
1698 10
2100 10
2068 10
1653 10
238 10
1869 10
1531 10
1956 10
1772 10
2070 10
2278 10
792 10
2241 10
1785 10
2379 10
1844 10
1744 10
1738 10
1745 10
1310 10
1438 10
1933 10
1007 10
2184 10
1288 10
41 10
1026 10
1289 10
2326 10
2334 10
1891 10
1371 10
51 10
828 10
2069 10
1055 10
780 10
1776 10
2099 10
1146 10
243 10
2253 10
1294 10
793 10
858 10
239 10
1127 10
859 10
240 10
241 10
1293 10
2254 10
1876 10
1877 10
2362 10
242 10
1370 10
1311 10
1714 10
52 10
1674 10
1930 10
1771 10
2389 10
170 10
1773 10
1712 10
244 10
634 10
1429 15
2193 15
1292 15
1496 15
912 15
538 15
728 15
2034 15
1627 15
2117 15
2402 15
2014 15
2174 15
213 15
1959 15
2209 15
2033 15
2035 15
2118 15
2167 15
1156 15
2249 15
2038 15
901 15
2189 15
2194 15
2195 15
294 15
2329 15
2400 15
2235 15
519 15
1267 15
2155 15
576 15
2149 15
850 15
826 15
1339 15
1991 15
1206 15
2020 15
1623 15
1603 15
1849 15
2086 15
2019 15
867 15
972 15
1848 15
2110 15
2144 15
1571 15
2196 15
1018 15
2160 15
598 15
1023 15
1949 15
1721 15
1947 15
2381 15
2186 15
1572 15
2136 15
2279 15
1290 15
1158 15
1829 15
1611 15
584 15
2175 15
1852 15
1028 8
1065 8
1722 8
194 8
1132 8
491 8
1478 8
1479 8
1066 8
1133 8
1067 8
1214 8
1215 8
1263 8
283 8
